0 0.84 0.37091988130563797 0.08 0.20178041543026706
0 0.7844444444444445 0.32344213649851633 0.044444444444444446 0.14836795252225518
0 0.9666666666666667 0.29080118694362017 0.05333333333333334 0.11869436201780416
0 0.7288888888888889 0.32344213649851633 0.057777777777777775 0.19584569732937684
0 0.6611111111111111 0.3026706231454006 0.042222222222222223 0.12462908011869436
0 0.5911111111111111 0.3115727002967359 0.044444444444444446 0.14836795252225518
0 0.5377777777777778 0.3516320474777448 0.07111111111111111 0.2403560830860534
0 0.48333333333333334 0.5237388724035609 0.1 0.47774480712166173
0 0.39 0.5296735905044511 0.13111111111111112 0.42433234421364985
0 0.31 0.5 0.11777777777777777 0.44807121661721067
0 0.2477777777777778 0.3397626112759644 0.08222222222222222 0.228486646884273
0 0.30444444444444446 0.26706231454005935 0.035555555555555556 0.05934718100890208
0 0.38333333333333336 0.28486646884273 0.04666666666666667 0.10089020771513353
0 0.43 0.2997032640949555 0.05555555555555555 0.11275964391691394
0 0.4688888888888889 0.2655786350148368 0.044444444444444446 0.06231454005934718