0 0.9763636363636363 0.29098360655737704 0.03272727272727273 0.12295081967213115
0 0.7981818181818182 0.4275956284153005 0.07636363636363637 0.33060109289617484
0 0.7272727272727273 0.45901639344262296 0.16 0.3825136612021858
0 0.5672727272727273 0.7090163934426229 0.16 0.4672131147540984
0 0.4690909090909091 0.5314207650273224 0.16 0.6530054644808743
0 0.3709090909090909 0.43579234972677594 0.09090909090909091 0.4180327868852459
0 0.30454545454545456 0.32650273224043713 0.056363636363636366 0.22131147540983606
0 0.16818181818181818 0.33879781420765026 0.05272727272727273 0.24043715846994534
0 0.11090909090909092 0.3360655737704918 0.05818181818181818 0.2786885245901639
0 0.04363636363636364 0.3360655737704918 0.06545454545454546 0.17486338797814208
0 0.20272727272727273 0.3005464480874317 0.045454545454545456 0.16939890710382513
0 0.33090909090909093 0.28825136612021857 0.03272727272727273 0.15027322404371585
0 0.3490909090909091 0.2978142076502732 0.02181818181818182 0.07103825136612021
0 0.2609090909090909 0.2390710382513661 0.016363636363636365 0.07377049180327869
0 0.27454545454545454 0.2691256830601093 0.025454545454545455 0.1448087431693989
0 0.2409090909090909 0.226775956284153 0.023636363636363636 0.07103825136612021
0 0.02909090909090909 0.21311475409836064 0.025454545454545455 0.06557377049180328
0 0.06818181818181818 0.2677595628415301 0.038181818181818185 0.15300546448087432