0 0.9475247524752475 0.396969696969697 0.03762376237623762 0.1393939393939394
0 0.8782178217821782 0.43787878787878787 0.03762376237623762 0.1484848484848485
0 0.8118811881188119 0.45454545454545453 0.04356435643564356 0.15757575757575756
0 0.7930693069306931 0.5575757575757576 0.0297029702970297 0.13333333333333333
0 0.7772277227722773 0.5363636363636364 0.02574257425742574 0.15757575757575756
0 0.7435643564356436 0.453030303030303 0.03762376237623762 0.1484848484848485
0 0.7079207920792079 0.453030303030303 0.03762376237623762 0.14242424242424243
0 0.6732673267326733 0.4666666666666667 0.04356435643564356 0.14545454545454545
0 0.5801980198019802 0.45606060606060606 0.03564356435643564 0.14242424242424243
0 0.598019801980198 0.6318181818181818 0.0594059405940594 0.15454545454545454
0 0.5623762376237624 0.6272727272727273 0.04356435643564356 0.15757575757575756
0 0.5198019801980198 0.6393939393939394 0.05742574257425743 0.18181818181818182
0 0.3792079207920792 0.7818181818181819 0.06930693069306931 0.18787878787878787
0 0.25643564356435644 0.793939393939394 0.04554455445544554 0.17575757575757575
0 0.20495049504950494 0.8166666666666667 0.061386138613861385 0.1606060606060606
0 0.12673267326732673 0.7257575757575757 0.0594059405940594 0.1484848484848485
0 0.08712871287128712 0.6909090909090909 0.055445544554455446 0.17575757575757575
0 0.055445544554455446 0.75 0.04356435643564356 0.18484848484848485
0 0.7861386138613862 0.3151515151515151 0.039603960396039604 0.12121212121212122