0 0.6352631578947369 0.20491803278688525 0.06842105263157895 0.21311475409836064
0 0.7294736842105263 0.20737704918032787 0.08421052631578947 0.11311475409836065
0 0.11 0.24016393442622952 0.08947368421052632 0.3
0 0.022810526315789476 0.2696557377049181 0.04562105263157895 0.331655737704918
0 0.8801894736842105 0.309327868852459 0.15623157894736842 0.5667377049180328
0 0.9452631578947368 0.5319672131147541 0.10736842105263159 0.4344262295081967
0 0.7768421052631579 0.08114754098360656 0.029473684210526315 0.047540983606557376
0 0.8 0.09262295081967213 0.023157894736842106 0.047540983606557376
0 0.7042105263157895 0.10327868852459017 0.037894736842105266 0.07213114754098361
0 0.6173684210526316 0.1040983606557377 0.04105263157894737 0.08032786885245902
0 0.75 0.11475409836065574 0.04105263157894737 0.08524590163934426
0 0.8273684210526315 0.11475409836065574 0.042105263157894736 0.11147540983606558
0 0.26894736842105266 0.11885245901639344 0.022105263157894735 0.06721311475409836
0 0.5047368421052632 0.11885245901639344 0.024210526315789474 0.060655737704918035
0 0.39 0.11967213114754098 0.05789473684210526 0.09180327868852459
0 0.19263157894736843 0.12295081967213115 0.037894736842105266 0.06557377049180328
0 0.2521052631578947 0.12704918032786885 0.028421052631578948 0.047540983606557376
0 0.968421052631579 0.130327868852459 0.061052631578947365 0.24098360655737705
0 0.32105263157894737 0.14426229508196722 0.04842105263157895 0.10163934426229508
0 0.5673684210526316 0.14754098360655737 0.037894736842105266 0.11475409836065574
0 0.4189473684210526 0.16311475409836065 0.06315789473684211 0.10655737704918032