0 0.258 0.6346666666666667 0.156 0.704
0 0.366 0.6426666666666667 0.108 0.6826666666666666
0 0.446 0.6093333333333333 0.144 0.712
0 0.526 0.596 0.112 0.728
0 0.637 0.576 0.13 0.7146666666666667
0 0.707 0.588 0.102 0.7013333333333334
0 0.799 0.5866666666666667 0.098 0.6453333333333333
0 0.269 0.19066666666666668 0.086 0.248
0 0.281 0.23866666666666667 0.094 0.14133333333333334
0 0.342 0.192 0.076 0.20266666666666666
0 0.415 0.24133333333333334 0.122 0.22666666666666666
0 0.524 0.24266666666666667 0.12 0.24
0 0.577 0.24533333333333332 0.062 0.192
0 0.64 0.22266666666666668 0.076 0.14133333333333334
0 0.72 0.22266666666666668 0.084 0.21066666666666667