0 0.524 0.544 0.19466666666666665 0.616
0 0.7173333333333334 0.344 0.037333333333333336 0.06
0 0.936 0.348 0.02666666666666667 0.056
0 0.9586666666666667 0.35 0.024 0.056
0 0.6373333333333333 0.342 0.032 0.052
0 0.10266666666666667 0.334 0.034666666666666665 0.064
0 0.15866666666666668 0.336 0.034666666666666665 0.056
0 0.2813333333333333 0.346 0.018666666666666668 0.028
0 0.3546666666666667 0.329 0.037333333333333336 0.058
0 0.456 0.345 0.02666666666666667 0.03
0 0.19066666666666668 0.346 0.029333333333333333 0.032