0 0.37444444444444447 0.6135135135135135 0.04666666666666667 0.12432432432432433
0 0.011288888888888888 0.6145405405405405 0.022577777777777776 0.08529729729729729
0 0.09102222222222223 0.6172702702702703 0.031488888888888886 0.077
0 0.04888888888888889 0.6175675675675676 0.04888888888888889 0.0945945945945946
0 0.2088888888888889 0.6702702702702703 0.07555555555555556 0.25405405405405407
0 0.3211111111111111 0.6756756756756757 0.06888888888888889 0.25405405405405407
0 0.7483777777777777 0.6806486486486487 0.059622222222222215 0.27735135135135136
0 0.5155555555555555 0.7 0.07555555555555556 0.2972972972972973
0 0.6877777777777778 0.7148648648648649 0.12222222222222222 0.3918918918918919
0 0.4388888888888889 0.7189189189189189 0.14444444444444443 0.3837837837837838
0 0.5755555555555556 0.7297297297297297 0.11555555555555555 0.3837837837837838