0 0.248 0.328 0.13333333333333333 0.136
0 0.5706666666666667 0.343 0.058666666666666666 0.042
0 0.2653333333333333 0.346 0.232 0.156
0 0.464 0.349 0.16533333333333333 0.122
0 0.6906666666666667 0.362 0.10133333333333333 0.076
0 0.6053333333333333 0.403 0.20266666666666666 0.114
0 0.336 0.414 0.112 0.112
0 0.768 0.426 0.06933333333333333 0.08
0 0.244 0.446 0.13066666666666665 0.128
0 0.08474666666666666 0.48572000000000004 0.16952 0.36574
0 0.14266666666666666 0.502 0.136 0.144
0 0.8973333333333333 0.547 0.2 0.402
0 0.7053333333333334 0.705 0.424 0.586