0 0.48 0.37066666666666664 0.216 0.48533333333333334
0 0.641 0.412 0.114 0.344
0 0.679 0.632 0.226 0.24533333333333332
0 0.279 0.49466666666666664 0.094 0.17333333333333334
0 0.357 0.5106666666666667 0.078 0.136
0 0.183 0.556 0.126 0.2853333333333333
0 0.092 0.5813333333333334 0.124 0.272
0 0.195 0.4 0.11 0.26666666666666666
0 0.895 0.6173333333333333 0.158 0.27466666666666667
0 0.799 0.532 0.046 0.08266666666666667
0 0.051 0.43866666666666665 0.062 0.184
0 0.022 0.4146666666666667 0.04 0.09333333333333334
0 0.567 0.484 0.082 0.13066666666666665