0 0.9626915389740173 0.24503311258278146 0.033311125916055964 0.03784295175023652
0 0.8820719520319786 0.25107852412488174 0.03888074616922052 0.04804162724692526
0 0.7809993337774817 0.25972563859981074 0.03470353097934711 0.06533585619678335
0 0.21792804796802132 0.2721759697256386 0.0373217854763491 0.10915799432355723
0 0.664670219853431 0.28413434247871333 0.03808127914723517 0.0681929990539262
0 0.17054630246502334 0.2862819299905393 0.043451032644903395 0.12926206244087038
0 0.2642838107928048 0.2967455061494797 0.037521652231845434 0.0483349101229896
0 0.13760159893404397 0.29680227057710507 0.01944037308461026 0.14490066225165563
0 0.3119586942038641 0.29800378429517504 0.04074616922051965 0.15000000000000002
0 0.11948034643570953 0.3070671712393567 0.02506995336442372 0.1735383159886471
0 0.7175216522318454 0.510879848628193 0.1905396402398401 0.46546830652790916