0 0.688 0.3003003003003003 0.096 0.24624624624624625
0 0.38427999999999995 0.3409009009009009 0.013560000000000001 0.08693693693693694
0 0.93828 0.3448648648648649 0.12346 0.26930930930930935
0 0.36844 0.345015015015015 0.01618 0.07795795795795796
0 0.032 0.4024024024024024 0.052 0.15015015015015015
0 0.529 0.4069069069069069 0.09 0.2012012012012012
0 0.621 0.43993993993993996 0.118 0.2852852852852853
0 0.892 0.4444444444444444 0.064 0.21021021021021022
0 0.21878 0.4485585585585586 0.094 0.23357357357357358
0 0.565 0.496996996996997 0.074 0.15915915915915915
0 0.343 0.5015015015015015 0.134 0.16216216216216217
0 0.965 0.5135135135135135 0.062 0.29429429429429427
0 0.776 0.5315315315315315 0.268 0.2702702702702703
0 0.198 0.6186186186186187 0.392 0.7507507507507507
0 0.733 0.26876876876876876 0.066 0.13513513513513514