0 0.9745 0.7706146926536732 0.039 0.16491754122938532
0 0.661 0.802848575712144 0.054 0.22638680659670166
0 0.602 0.7916041979010495 0.074 0.17991004497751126
0 0.517 0.7436281859070465 0.03 0.08695652173913043
0 0.473 0.8200899550224887 0.056 0.2818590704647676
0 0.441 0.7241379310344828 0.024 0.10194902548725637
0 0.399 0.7091454272863568 0.028 0.12893553223388307
0 0.3335 0.739880059970015 0.043 0.07946026986506746
0 0.296 0.7316341829085458 0.042 0.09895052473763119
0 0.2625 0.7263868065967016 0.035 0.15742128935532235
0 0.0795 0.6626686656671664 0.023 0.11094452773613193
0 0.0335 0.676911544227886 0.031 0.11244377811094453