0 0.7346666666666667 0.597 0.088 0.082
0 0.7693333333333333 0.577 0.024 0.034
0 0.8666666666666667 0.61 0.058666666666666666 0.096
0 0.9466666666666667 0.656 0.10133333333333333 0.236
0 0.504 0.595 0.02666666666666667 0.054
0 0.46 0.593 0.029333333333333333 0.058
0 0.43333333333333335 0.593 0.018666666666666668 0.066
0 0.4066666666666667 0.619 0.04533333333333334 0.118
0 0.376 0.568 0.021333333333333333 0.032
0 0.288 0.618 0.042666666666666665 0.104
0 0.356 0.637 0.08266666666666667 0.158
0 0.216 0.619 0.05333333333333334 0.13
0 0.124 0.703 0.184 0.358
0 0.6213333333333333 0.5 0.07466666666666667 0.196