0 0.389 0.3708708708708709 0.126 0.42342342342342343
0 0.628 0.25375375375375375 0.048 0.1831831831831832
0 0.757 0.32882882882882886 0.03 0.13513513513513514
0 0.947 0.33783783783783783 0.034 0.10510510510510511
0 0.837 0.3408408408408408 0.046 0.1111111111111111
0 0.791 0.34534534534534533 0.042 0.0960960960960961
0 0.316 0.3663663663663664 0.032 0.1021021021021021
0 0.228 0.36936936936936937 0.04 0.10810810810810811
0 0.194 0.3783783783783784 0.04 0.09009009009009009
0 0.152 0.3153153153153153 0.028 0.04804804804804805
0 0.145 0.3708708708708709 0.046 0.11711711711711711
0 0.109 0.3783783783783784 0.046 0.10810810810810811
0 0.067 0.3768768768768769 0.046 0.11711711711711711
0 0.084 0.3408408408408408 0.028 0.06306306306306306
0 0.199 0.23123123123123124 0.046 0.06606606606606606
0 0.197 0.2957957957957958 0.034 0.05105105105105105
0 0.521 0.2957957957957958 0.034 0.06306306306306306