0 0.868 0.43866666666666665 0.028 0.06133333333333333
0 0.894 0.4266666666666667 0.028 0.058666666666666666
0 0.922 0.432 0.032 0.05333333333333334
0 0.457 0.43466666666666665 0.022 0.064
0 0.43 0.428 0.024 0.06666666666666667
0 0.279 0.5306666666666666 0.022 0.15466666666666667
0 0.28 0.43333333333333335 0.024 0.050666666666666665
0 0.304 0.492 0.028 0.072
0 0.353 0.4786666666666667 0.038 0.056
0 0.39 0.4653333333333333 0.04 0.04533333333333334
0 0.448 0.4666666666666667 0.032 0.048
0 0.145 0.452 0.038 0.056